 Test F_43
 
 Function table Test_43 :
   0   (    0,0000000000,   -2,0000000000   )
   1   (    0,0500000000,   -1,9250936650   )
   2   (    0,1000000000,   -1,8011625659   )
   3   (    0,1500000000,   -1,6303022026   )
   4   (    0,2000000000,   -1,4157814995   )
   5   (    0,2500000000,   -1,1619627691   )
   6   (    0,3000000000,   -0,8741946090   )
   7   (    0,3500000000,   -0,5586804394   )
   8   (    0,4000000000,   -0,2223259629   )
   9   (    0,4500000000,    0,1274306694   )
  10   (    0,5000000000,    0,4828017951   )
  11   (    0,5500000000,    0,8358417831   )
  12   (    0,6000000000,    1,1786424839   )
  13   (    0,6500000000,    1,5035277934   )
  14   (    0,7000000000,    1,8032425631   )
  15   (    0,7500000000,    2,0711312167   )
  16   (    0,8000000000,    2,3013016848   )
  17   (    0,8500000000,    2,4887706149   )
  18   (    0,9000000000,    2,6295862694   )
  19   (    0,9500000000,    2,7209260621   )
  20   (    1,0000000000,    2,7611663017   )
  21   (    1,0500000000,    2,7499223923   )
  22   (    1,1000000000,    2,6880584652   )
  23   (    1,1500000000,    2,5776661725   )
  24   (    1,2000000000,    2,4220131361   )
  25   (    1,2500000000,    2,2254622984   )
  26   (    1,3000000000,    1,9933641490   )
  27   (    1,3500000000,    1,7319244746   )
  28   (    1,4000000000,    1,4480508958   )
  29   (    1,4500000000,    1,1491819840   )
  30   (    1,5000000000,    0,8431031902   )
  31   (    1,5500000000,    0,5377541508   )
  32   (    1,6000000000,    0,2410321541   )
  33   (    1,6500000000,   -0,0394033501   )
  34   (    1,7000000000,   -0,2963203362   )
  35   (    1,7500000000,   -0,5230931676   )
  36   (    1,8000000000,   -0,7138664857   )
  37   (    1,8500000000,   -0,8636999426   )
  38   (    1,9000000000,   -0,9686901712   )
  39   (    1,9500000000,   -1,0260669527   )
  40   (    2,0000000000,   -1,0342611860   )
  41   (    2,0500000000,   -0,9929429614   )
  42   (    2,1000000000,   -0,9030287894   )
  43   (    2,1500000000,   -0,7666578027   )
  44   (    2,2000000000,   -0,5871375224   )
  45   (    2,2500000000,   -0,3688605389   )
  46   (    2,3000000000,   -0,1171941842   )
  47   (    2,3500000000,    0,1616540569   )
  48   (    2,4000000000,    0,4607920409   )
  49   (    2,4500000000,    0,7728154891   )
  50   (    2,5000000000,    1,0899932409   )
  51   (    2,5500000000,    1,4044606170   )
  52   (    2,6000000000,    1,7084160727   )
  53   (    2,6500000000,    1,9943162380   )
  54   (    2,7000000000,    2,2550644808   )
  55   (    2,7500000000,    2,4841882932   )
  56   (    2,8000000000,    2,6760010769   )
  57   (    2,8500000000,    2,8257442938   )
  58   (    2,9000000000,    2,9297064384   )
  59   (    2,9500000000,    2,9853158663   )
  60   (    3,0000000000,    2,9912051638   )
  61   (    3,0500000000,    2,9472454546   )
  62   (    3,1000000000,    2,8545497911   )
  63   (    3,1500000000,    2,7154455449   )
  64   (    3,2000000000,    2,5334164884   )
  65   (    3,2500000000,    2,3130160132   )
  66   (    3,3000000000,    2,0597536510   )
  67   (    3,3500000000,    1,7799577305   )
  68   (    3,4000000000,    1,4806175963   )
  69   (    3,4500000000,    1,1692093277   )
  70   (    3,5000000000,    0,8535093066   )
  71   (    3,5500000000,    0,5414002855   )
  72   (    3,6000000000,    0,2406747950   )
  73   (    3,6500000000,   -0,0411592039   )
  74   (    3,7000000000,   -0,2970655739   )
  75   (    3,7500000000,   -0,5206554894   )
  76   (    3,8000000000,   -0,7063467804   )
  77   (    3,8500000000,   -0,8495031553   )
  78   (    3,9000000000,   -0,9465498311   )
  79   (    3,9500000000,   -0,9950626832   )
  80   (    4,0000000000,   -0,9938286930   )
  81   (    4,0500000000,   -0,9428761826   )
  82   (    4,1000000000,   -0,8434740840   )
  83   (    4,1500000000,   -0,6981002596   )
  84   (    4,2000000000,   -0,5103796642   )
  85   (    4,2500000000,   -0,2849938917   )
  86   (    4,3000000000,   -0,0275643625   )
  87   (    4,3500000000,    0,2554879344   )
  88   (    4,4000000000,    0,5571026457   )
  89   (    4,4500000000,    0,8697562074   )
  90   (    4,5000000000,    1,1856495531   )
  91   (    4,5500000000,    1,4969026952   )
  92   (    4,6000000000,    1,7957513236   )
  93   (    4,6500000000,    2,0747405171   )
  94   (    4,7000000000,    2,3269107365   )
  95   (    4,7500000000,    2,5459714573   )
  96   (    4,8000000000,    2,7264581116   )
  97   (    4,8500000000,    2,8638684234   )
  98   (    4,9000000000,    2,9547747363   )
  99   (    4,9500000000,    2,9969095307   )
 100   (    5,0000000000,    2,9892219985   )
 101   (    5,0500000000,    2,9319042615   )
 102   (    5,1000000000,    2,8263865824   )
 103   (    5,1500000000,    2,6753016854   )
 104   (    5,2000000000,    2,4824190776   )
 105   (    5,2500000000,    2,2525510104   )
 106   (    5,3000000000,    1,9914324255   )
 107   (    5,3500000000,    1,7055778823   )
 108   (    5,4000000000,    1,4021190341   )
 109   (    5,4500000000,    1,0886267102   )
 110   (    5,5000000000,    0,7729220403   )
 111   (    5,5500000000,    0,4628813346   )
 112   (    5,6000000000,    0,1662395874   )
 113   (    5,6500000000,   -0,1096024943   )
 114   (    5,7000000000,   -0,3577631223   )
 115   (    5,7500000000,   -0,5720511129   )
 116   (    5,8000000000,   -0,7471203433   )
 117   (    5,8500000000,   -0,8786031260   )
 118   (    5,9000000000,   -0,9632191728   )
 119   (    5,9500000000,   -0,9988574307   )
 120   (    6,0000000000,   -0,9846287481   )
 121   (    6,0500000000,   -0,9208880563   )
 122   (    6,1000000000,   -0,8092255147   )
 123   (    6,1500000000,   -0,6524268389   )
 124   (    6,2000000000,   -0,4544038026   )
 125   (    6,2500000000,   -0,2200966462   )
 126   (    6,3000000000,    0,0446491720   )
 127   (    6,3500000000,    0,3332288088   )
 128   (    6,4000000000,    0,6384428132   )
 129   (    6,4500000000,    0,9526767390   )
 130   (    6,5000000000,    1,2680911089   )
 131   (    6,5500000000,    1,5768169945   )
 132   (    6,6000000000,    1,8711523298   )
 133   (    6,6500000000,    2,1437540621   )
 134   (    6,7000000000,    2,3878213468   )
 135   (    6,7500000000,    2,5972652140   )
 136   (    6,8000000000,    2,7668604767   )
 137   (    6,8500000000,    2,8923760880   )
 138   (    6,9000000000,    2,9706806978   )
 139   (    6,9500000000,    2,9998207732   )
 140   (    7,0000000000,    2,9790693357   )
 141   (    7,0500000000,    2,9089440973   )
 142   (    7,1000000000,    2,7911945453   )
 143   (    7,1500000000,    2,6287582956   )
 144   (    7,2000000000,    2,4256878060   )
 145   (    7,2500000000,    2,1870492751   )
 146   (    7,3000000000,    1,9187962509   )
 147   (    7,3500000000,    1,6276211027   )
 148   (    7,4000000000,    1,3207880595   )
 149   (    7,4500000000,    1,0059519824   )
 150   (    7,5000000000,    0,6909673919   )
 151   (    7,5500000000,    0,3836925131   )
 152   (    7,6000000000,    0,0917932296   )
 153   (    7,6500000000,   -0,1774481653   )
 154   (    7,7000000000,   -0,4173146462   )
 155   (    7,7500000000,   -0,6218220322   )
 156   (    7,8000000000,   -0,7858682800   )
 157   (    7,8500000000,   -0,9053607689   )
 158   (    7,9000000000,   -0,9773184042   )
 159   (    7,9500000000,   -0,9999459885   )
 160   (    8,0000000000,   -0,9726790089   )
 161   (    8,0500000000,   -0,8961977201   )
 162   (    8,1000000000,   -0,7724101734   )
 163   (    8,1500000000,   -0,6044046149   )
 164   (    8,2000000000,   -0,3963724401   )
 165   (    8,2500000000,   -0,1535036266   )
 166   (    8,3000000000,    0,1181427444   )
 167   (    8,3500000000,    0,4117896508   )
 168   (    8,4000000000,    0,7201112015   )
 169   (    8,4500000000,    1,0354154032   )
 170   (    8,5000000000,    1,3498360597   )
 171   (    8,5500000000,    1,6555290172   )
 172   (    8,6000000000,    1,9448678604   )
 173   (    8,6500000000,    2,2106341756   )
 174   (    8,7000000000,    2,4461976356   )
 175   (    8,7500000000,    2,6456814128   )
 176   (    8,8000000000,    2,8041087941   )
 177   (    8,8500000000,    2,9175273397   )
 178   (    8,9000000000,    2,9831074884   )
 179   (    8,9500000000,    2,9992131494   )
 180   (    9,0000000000,    2,9654425195   )
 181   (    9,0500000000,    2,8826381070   )
 182   (    9,1000000000,    2,7528657133   )
 183   (    9,1500000000,    2,5793628949   )
 184   (    9,2000000000,    2,3664581933   )
 185   (    9,2500000000,    2,1194631466   )
 186   (    9,3000000000,    1,8445397774   )
 187   (    9,3500000000,    1,5485468630   )
 188   (    9,4000000000,    1,2388688228   )
 189   (    9,4500000000,    0,9232314923   )
 190   (    9,5000000000,    0,6095093790   )
 191   (    9,5500000000,    0,3055292098   )
 192   (    9,6000000000,    0,0188746697   )
 193   (    9,6500000000,   -0,2433027952   )
 194   (    9,7000000000,   -0,4744623918   )
 195   (    9,7500000000,   -0,6688371599   )
 196   (    9,8000000000,   -0,8215778455   )
 197   (    9,8500000000,   -0,9288738799   )
 198   (    9,9000000000,   -0,9880484460   )
 199   (    9,9500000000,   -0,9976252591   )
 200   (   10,0000000000,   -0,9573653972   )
 201   (   10,0500000000,   -0,8682732618   )
 202   (   10,1000000000,   -0,7325715197   )
 203   (   10,1500000000,   -0,5536456527   )
 204   (   10,2000000000,   -0,3359594961   )
 205   (   10,2500000000,   -0,0849438755   )
 206   (   10,3000000000,    0,1931388815   )
 207   (   10,3500000000,    0,4913511773   )
 208   (   10,4000000000,    0,8022532236   )
 209   (   10,4500000000,    1,1180886485   )
 210   (   10,5000000000,    1,4309780025   )
 211   (   10,5500000000,    1,7331153344   )
 212   (   10,6000000000,    2,0169629342   )
 213   (   10,6500000000,    2,2754393833   )
 214   (   10,7000000000,    2,5020962216   )
 215   (   10,7500000000,    2,6912788233   )
 216   (   10,8000000000,    2,8382674684   )
 217   (   10,8500000000,    2,9393950902   )
 218   (   10,9000000000,    2,9921387607   )
 219   (   10,9500000000,    2,9951826330   )
 220   (   11,0000000000,    2,9484507686   )
 221   (   11,0500000000,    2,8531090323   )
 222   (   11,1000000000,    2,7115360059   )
 223   (   11,1500000000,    2,5272636475   )
 224   (   11,2000000000,    2,3048891767   )
 225   (   11,2500000000,    2,0499603828   )
 226   (   11,3000000000,    1,7688372192   )
 227   (   11,3500000000,    1,4685331353   )
 228   (   11,4000000000,    1,1565401055   )
 229   (   11,4500000000,    0,8406417194   )
 230   (   11,5000000000,    0,5287189974   )
 231   (   11,5500000000,    0,2285537749   )
 232   (   11,6000000000,   -0,0523654380   )
 233   (   11,6500000000,   -0,3070302800   )
 234   (   11,7000000000,   -0,5290873827   )
 235   (   11,7500000000,   -0,7129968746   )
 236   (   11,8000000000,   -0,8541705888   )
 237   (   11,8500000000,   -0,9490865293   )
 238   (   11,9000000000,   -0,9953767369   )
 239   (   11,9500000000,   -0,9918863654   )
 240   (   12,0000000000,   -0,9387024924   )
 241   (   12,0500000000,   -0,8371519471   )
 242   (   12,1000000000,   -0,6897682085   )
 243   (   12,1500000000,   -0,5002282000   )
 244   (   12,2000000000,   -0,2732605584   )
 245   (   12,2500000000,   -0,0145276632   )
 246   (   12,3000000000,    0,2695156275   )
 247   (   12,3500000000,    0,5717830133   )
 248   (   12,4000000000,    0,8847335393   )
 249   (   12,4500000000,    1,2005597283   )
 250   (   12,5000000000,    1,5113823613   )
 251   (   12,5500000000,    1,8094470475   )
 252   (   12,6000000000,    2,0873176812   )
 253   (   12,6500000000,    2,3380619567   )
 254   (   12,7000000000,    2,5554243161   )
 255   (   12,7500000000,    2,7339820117   )
 256   (   12,8000000000,    2,8692803934   )
 257   (   12,8500000000,    2,9579440424   )
 258   (   12,9000000000,    2,9977609818   )
 259   (   12,9500000000,    2,9877378600   )
 260   (   13,0000000000,    2,9281247334   )
 261   (   13,0500000000,    2,8204088281   )
 262   (   13,1000000000,    2,6672774360   )
 263   (   13,1500000000,    2,4725508730   )
 264   (   13,2000000000,    2,2410871697   )
 265   (   13,2500000000,    1,9786608733   )
 266   (   13,3000000000,    1,6918189845   )
 267   (   13,3500000000,    1,3877176233   )
 268   (   13,4000000000,    1,0739434983   )
 269   (   13,4500000000,    0,7583246339   )
 270   (   13,5000000000,    0,4487350769   )
 271   (   13,5500000000,    0,1528984552   )
 272   (   13,6000000000,   -0,1218047111   )
 273   (   13,6500000000,   -0,3685211382   )
 274   (   13,7000000000,   -0,5810957547   )
 275   (   13,7500000000,   -0,7542252574   )
 276   (   13,8000000000,   -0,8835904185   )
 277   (   13,8500000000,   -0,9659638411   )
 278   (   13,9000000000,   -0,9992904763   )
 279   (   13,9500000000,   -0,9827388926   )
 280   (   14,0000000000,   -0,9167220182   )
 281   (   14,0500000000,   -0,8028868394   )
 282   (   14,1000000000,   -0,6440733118   )
 283   (   14,1500000000,   -0,4442435090   )
 284   (   14,2000000000,   -0,2083827767   )
 285   (   14,2500000000,    0,0576246408   )
 286   (   14,3000000000,    0,3471424011   )
 287   (   14,3500000000,    0,6529476267   )
 288   (   14,4000000000,    0,9674111010   )
 289   (   14,4500000000,    1,2826876019   )
 290   (   14,5000000000,    1,5909116238   )
 291   (   14,5500000000,    1,8843936061   )
 292   (   14,6000000000,    2,1558117721   )
 293   (   14,6500000000,    2,3983947921   )
 294   (   14,7000000000,    2,6060907147   )
 295   (   14,7500000000,    2,7737179504   )
 296   (   14,8000000000,    2,8970945415   )
 297   (   14,8500000000,    2,9731424937   )
 298   (   14,9000000000,    2,9999645659   )
 299   (   14,9500000000,    2,9768916019   )
 300   (   15,0000000000,    2,9044992252   )

 x = [   0,000000000000 :  15,000000000000 ]
 x_Reg =    15,000000000000

 Min (    0,000000000000,   -2,000000000000)
 Max (   14,900000000000,    2,999964565856)
 f_Reg =     4,999964565856

 Table of zeros of function Test_43 : 
  0  [   0,40000,   0,45000 ] Root =   0,431934615246  Err =  1,0E-012 Iters = 36
  1  [   1,60000,   1,65000 ] Root =   1,642743997228  Err =  1,0E-012 Iters = 35
  2  [   2,30000,   2,35000 ] Root =   2,321541775472  Err =  1,0E-012 Iters = 37
  3  [   3,60000,   3,65000 ] Root =   3,642432159058  Err =  1,0E-012 Iters = 37
  4  [   4,30000,   4,35000 ] Root =   4,305054782074  Err =  1,0E-012 Iters = 36
  5  [   5,60000,   5,65000 ] Root =   5,629595311224  Err =  1,0E-012 Iters = 37
  6  [   6,25000,   6,30000 ] Root =   6,291907153042  Err =  1,0E-012 Iters = 37
  7  [   7,60000,   7,65000 ] Root =   7,616517581963  Err =  1,0E-012 Iters = 37
  8  [   8,25000,   8,30000 ] Root =   8,278823578358  Err =  1,0E-012 Iters = 22
  9  [   9,60000,   9,65000 ] Root =   9,603435321939  Err =  1,0E-012 Iters = 35
 10  [  10,25000,  10,30000 ] Root =  10,265741208432  Err =  1,0E-012 Iters = 37
 11  [  11,55000,  11,60000 ] Root =  11,590352976731  Err =  1,0E-012 Iters = 37
 12  [  12,25000,  12,30000 ] Root =  12,252658861157  Err =  1,0E-012 Iters = 34
 13  [  13,55000,  13,60000 ] Root =  13,577270629921  Err =  1,0E-012 Iters = 37
 14  [  14,20000,  14,25000 ] Root =  14,239576514308  Err =  1,0E-012 Iters = 37
