    0   1.5708    1.000000000    1.000000000     0.0E+000
    1   1.6764    1.243967952    1.243967949     2.6E-009
    2   1.7820    1.508110894    1.508110889     5.2E-009
    3   1.8876    1.789863498    1.789863490     7.8E-009
    4   1.9933    2.086221519    2.086221509     1.0E-008
    5   2.0989    2.393782118    2.393782106     1.3E-008
    6   2.2045    2.708791247    2.708791232     1.5E-008
    7   2.3101    3.027197476    3.027197460     1.6E-008
    8   2.4157    3.344711528    3.344711510     1.8E-008
    9   2.5214    3.656870680    3.656870660     1.9E-008
   10   2.6270    3.959107155    3.959107136     2.0E-008
   11   2.7326    4.246819516    4.246819495     2.0E-008
   12   2.8382    4.515446033    4.515446013     2.0E-008
   13   2.9438    4.760538988    4.760538968     2.0E-008
   14   3.0494    4.977838790    4.977838771     1.9E-008
   15   3.1551    5.163346835    5.163346817     1.8E-008
   16   3.2607    5.313395989    5.313395973     1.6E-008
   17   3.3663    5.424717641    5.424717627     1.4E-008
   18   3.4719    5.494504268    5.494504256     1.2E-008
   19   3.5775    5.520466542    5.520466534     8.7E-009
   20   3.6831    5.500884041    5.500884036     5.7E-009
   21   3.7888    5.434648720    5.434648717     2.3E-009
   22   3.8944    5.321300392    5.321300393     1.2E-009
   23   4.0000    5.161053568    5.161053573     5.0E-009
